 974600 777011 571198 737655 876032 862656 676208 762014 839198 732427
 720782 543313 335193 542224 533250 618625 468312 512908 553218 529899
 878482 716903 506346 614770 738027 870882 605468 749421 793252 603760
 608673 502972 351092 487000 542061 511418 383716 482719 575942 412881
 758752 637403 517321 437024 747312 723799 477060 568447 579563 623852
 912380 755746 470566 769090 799230 845503 697304 803907 858298 656264
 573527 563126 468835 632050 695439 598112 549780 626592 664505 559395
 783292 757402 699608 703402 876958 788628 681647 842384 806118 705931
 895931 768765 620158 704317 917824 812046 717422 735540 782584 770052
 921997 744226 502787 530303 721958 856560 648377 624289 695470 668191
