Размер: 100 Время: 0.0216 секунд
0,033000  0,025000  0,024000  0,017000  0,024000  0,016000  0,017000  0,019000  0,020000  0,021000  
Размер: 300 Время: 0.2357 секунд
0,433000  0,213000  0,206000  0,209000  0,208000  0,239000  0,217000  0,210000  0,211000  0,211000  
Размер: 500 Время: 1.009 секунд
1,231000  0,970000  0,964000  0,988000  0,986000  1,008000  0,988000  1,007000  0,983000  0,965000  
Размер: 800 Время: 3.9402 секунд
4,115000  3,911000  3,931000  3,932000  3,911000  3,915000  3,927000  3,911000  3,947000  3,902000  
Размер: 1000 Время: 7.879 секунд
7,981000  7,815000  7,894000  8,294000  7,875000  7,816000  7,800000  7,783000  7,764000  7,768000  
Размер: 1300 Время: 11.4739 секунд
17,720000  14,124000  10,095000  10,322000  10,388000  10,313000  10,426000  10,332000  10,729000  10,290000  
Размер: 1500 Время: 16.0221 секунд
15,267000  16,556000  15,887000  15,953000  15,945000  15,937000  15,956000  15,983000  16,732000  16,005000  
Размер: 1800 Время: 29.2822 секунд
30,328000  30,875000  30,354000  30,444000  28,340000  28,385000  28,475000  28,478000  28,631000  28,512000  
Размер: 2000 Время: 40.7803 секунд
38,659000  39,337000  40,469000  41,388000  41,277000  41,334000  41,349000  41,364000  41,267000  41,359000  
